dl = 0.001
 K = [[-0.28997 -0.01178 -0.10237  0.06636  0.28602 -0.06991  0.10172  0.00824 -0.07499  0.02319 -0.02591  0.07132]
     [ 0.0173   0.3711   0.16344  0.20349  0.05962  0.17061  0.12773  0.33252 -0.04371 -0.02103 -0.01909 -0.03208]
     [-0.16663  0.06158  0.06841  0.05833  0.15026 -0.00648  0.01774 -0.07451 0.29342  0.09392 -0.13986 -0.34589]]
 dl = 0.01
 K = [[-0.29411 -0.0088  -0.10444  0.06862  0.29007 -0.07239  0.10299  0.0061 -0.07616  0.02306 -0.02617  0.07256]
     [-0.06453  0.2448   0.01289  0.04576 -0.0952   0.02939  0.00188  0.22747 -0.13293 -0.08911 -0.06432 -0.05289]
     [-0.16778  0.06395  0.06906  0.06274  0.15259 -0.00789  0.01826 -0.07422 0.29617  0.09529 -0.14122 -0.34705]]
 dl = 0.05
 K = [[-0.31316  0.00343 -0.11489  0.07789  0.31105 -0.08149  0.11131 -0.00195 -0.08314  0.02462 -0.02852  0.08113]
     [-0.07029  0.24793  0.00848  0.04173 -0.1009   0.03514  0.00529  0.24495 -0.14067 -0.10111 -0.07571 -0.05781]
     [-0.17026  0.06544  0.06552  0.08482  0.16234 -0.01889  0.01934 -0.05909 0.31148  0.10491 -0.14533 -0.34678]]
 dl = 0.1
 K = [[-0.23672  0.00707 -0.08211  0.04442  0.21069 -0.05886  0.06987 -0.0068 -0.09503  0.02825 -0.02237  0.09946]
     [-0.07619  0.19174  0.00788  0.02065 -0.08339  0.03468  0.01801  0.184 -0.09186 -0.05075 -0.02912 -0.00852]
     [-0.14576  0.10397  0.05687  0.02745  0.12373  0.00899 -0.00172 -0.10275 0.30996  0.11468 -0.12844 -0.33148]]
